vocab,0,1,2
bird,0.32192550092663813,0.3953040754235671,0.2827704236497948
cook,0.019629173415167015,0.4700158838134563,0.5103549427713767
didnt,0.2708639570098765,0.3326037414965721,0.39653230149355145
drasko,0.12741082730088946,0.23467860952373354,0.6379105631753769
half,0.4870201594463024,0.24917909745215575,0.26380074310154195
idiot,0.7564597804848651,0.06374698106569625,0.17979323844943854
mk,0.004413105028436523,0.4367724298886962,0.5588144650828673
r,0.006958451813279822,0.436839455159938,0.5562020930267821
ep,0.25096111899016316,0.30816432008061945,0.4408745609292175
hope,0.17792744538123154,0.3873118469069197,0.4347607077118487
next,0.2981143207935864,0.24959008502805027,0.45229559417836335
someon,0.19454634433251727,0.3782433845948508,0.42721027107263193
born,0.8258938618733964,0,0.17410613812660353
cours,0.6257819530961013,0.168091985734425,0.2061260611694738
film,0.33132614996122306,0.47465538816667063,0.19401846187210628
fuck,0.10579324762731057,0.5096366879839879,0.3845700643887017
serbia,1.0,0,0
serbian,1.0,0,0
ago,0.9023623775802815,0.038652687447181935,0.058984934972536686
asian,0.34122305870018416,0.41900025112771816,0.23977669017209777
coupl,0.24556625367494733,0.3517963960054431,0.40263735031960957
done,0.4011629984270075,0.13262380153125342,0.46621320004173916
equival,0.3876148856473857,0.3173109794040398,0.29507413494857454
girl,0.11740817635510584,0.7478807652727898,0.13471105837210437
irrit,0.3748104944495793,0.23012174484618617,0.39506776070423455
well,0.17556053671409647,0.39265845755687506,0.43178100572902856
year,0.6962435620265447,0.1550631709041254,0.14869326706932995
big,0.3084538502055294,0.395978186575537,0.2955679632189335
brekki,0.5323758402243822,0,0.4676241597756177
eleph,0.35176622638479343,0.4319465916369464,0.2162871819782602
lost,0.3370995167804284,0.24836208207746607,0.4145384011421055
plot,0.5726818455824684,0.17580423640579268,0.251513918011739
size,0.4487020566794801,0.3305865819497579,0.22071136137076214
steak,0.6548688358812682,0,0.3451311641187318
texan,0.35165584648157466,0.21590552606202076,0.43243862745640455
islamofascist,0.9855716864863252,0,0.014428313513674818
jihadi,0.9146860595755951,0.03509926268292066,0.05021467774148426
love,0.25751582375230886,0.26628470008993965,0.47619947615775154
minor,0.8292034291654224,0.05874283633721343,0.11205373449736415
old,0.4870377973264023,0.2741069338709493,0.23885526880264843
recruit,0.45759127193110183,0.14047325712932557,0.4019354709395726
refer,0.1417530433962519,0.6092230798407804,0.24902387676296772
talk,0.2735324503442151,0.37942054434930556,0.34704700530647936
agre,0.2225740054372154,0.4646214698898265,0.31280452467295816
anyon,0.3721019979961905,0.25384312667535536,0.37405487532845416
barbar,0.9473713625053313,0.011870529414222938,0.04075810808044573
crimin,0.7842861437057166,0.09630535885249877,0.11940849744178474
doe,0.4969941707350195,0.2856617085637772,0.21734412070120335
inhuman,0.9808543285650646,0,0.019145671434935403
isi,0.7671766008943214,0.01148834336918016,0.22133505573649848
religion,0.9502735542214035,0,0.049726445778596466
declar,0.9572742215303652,0.01992325363938366,0.02280252483025107
desper,0.577474088530568,0.11818358594900727,0.3043423255204247
destroy,0.7745280338180306,0.07508457230095596,0.15038739388101358
human,0.7844284573256585,0.08375898614039053,0.13181255653395094
islam,0.921411052282738,0.001092118021152672,0.07749682969610931
noth,0.6506859349451464,0.1930919118906533,0.1562221531642003
realiz,0.06806471972129068,0.5014749254894331,0.43046035478927624
war,0.8898657766752822,0.032912610672977544,0.07722161265174038
contact,0.19839253212232616,0,0.8016074678776738
like,0.3215282759381989,0.37625656736719115,0.3022151566946099
make,0.2791274319719116,0.40304950961832436,0.31782305840976394
must,0.5775462347092224,0.2041607882696016,0.21829297702117595
outlaw,0.9855716864863252,0,0.014428313513674818
realiti,0.28382381760731545,0.3920823308946772,0.32409385149800723
bigot,0.8584683767875724,0.09583133279695036,0.045700290415477275
caravan,0.9808543285650646,0,0.019145671434935403
god,0.5441376628611894,0.25309337180700825,0.2027689653318024
murder,0.9371904575447073,0.016678411271142984,0.04613113118414968
never,0.365165557523546,0.38434295959212944,0.25049148288432455
pedophil,0.9899666245871306,0,0.010033375412869418
prophet,0.969856036518095,0,0.030143963481904942
rapist,0.7312999358070835,0.19643528831262494,0.07226477588029166
robber,0.9771128323165861,0,0.022887167683413905
scum,0.8804766682662246,0,0.11952333173377538
sexist,0.03537062906169091,0.9388185517016934,0.025810819236615854
slave,0.9669693701782551,0,0.03303062982174488
trader,1.0,0,0
use,0.39413566117872084,0.26449718220615254,0.3413671566151266
wa,0.4392232504165535,0.25107126097702887,0.30970548860641767
would,0.34653961198058786,0.30014966641760826,0.3533107216018038
aisha,0.9087725091097772,0,0.09122749089022276
give,0.34027315114681816,0.2906670086704525,0.36905984018272947
mayb,0.21511913207887545,0.4339650445865097,0.350915823334615
moham,0.9679014516521167,0,0.032098548347883345
rape,0.6759533607798319,0.24660246510087874,0.07744417411928944
baghdad,1.0,0,0
blair,0.850575600710809,0,0.14942439928919107
blow,0.5962703709673315,0.2091949020318946,0.19453472700077395
bush,0.5088237284421172,0.3124016161292237,0.1787746554286592
ha,0.46621545885669485,0.26107740410463764,0.27270713703866756
islamolunat,0.9775992340034516,0,0.02240076599654838
zero,0.7863708306854451,0.11495398235416864,0.09867518696038635
defend,0.6730135537250441,0.082641791295507,0.2443446549794489
israel,0.9446812162123509,0,0.055318783787649095
mean,0.32122678220900047,0.39444609320140117,0.28432712458959836
muslim,0.9501721119758593,0.0010783281193329883,0.04874955990480771
nation,0.6008113715471441,0.2634850776807657,0.13570355077209023
onli,0.46630035474888787,0.2901624472600866,0.24353719799102552
tri,0.4639965744698107,0.2392985000065637,0.2967049255236256
un,0.7123152630920697,0.0874677916711151,0.20021694523681535
vote,0.17637530441979765,0.38983981571187276,0.4337848798683296
wipe,0.4221487978395315,0.4146975365189353,0.16315366564153314
christian,0.8828762954895055,0.0056464376834547084,0.11147726682703976
continu,0.6029611146167991,0.12339966091734281,0.27363922446585803
extermin,0.9402545152561961,0,0.05974548474380384
jew,0.9407087837075372,0,0.0592912162924628
resolut,0.850575600710809,0,0.14942439928919107
today,0.33573394025733166,0.26955459066619175,0.39471146907647664
believ,0.41805157968200424,0.3540281357876283,0.2279202845303675
earth,0.7564747987378805,0.07740858522534715,0.1661166160367723
everi,0.5241405732145635,0.3218056725704654,0.154053754214971
face,0.09492558202009334,0.6799484282476316,0.2251259897322751
fault,0.5228932186225935,0.3852478037394651,0.0918589776379413
fight,0.4339815645170518,0.2283864886465246,0.33763194683642367
none,0.4140914959886157,0.41313842825975305,0.17277007575163128
suppos,0.5874401046372232,0.16029758904668637,0.25226230631609053
allah,0.9332092164625436,0,0.06679078353745639
around,0.42460129691839715,0.24439848459529173,0.3310002184863111
day,0.3141920680025984,0.3690336538129622,0.3167742781844393
guess,0.2133968836211518,0.4492076984199266,0.33739541795892164
hand,0.3931813241436242,0.30175106384673384,0.3050676120096419
isl,0.9085377844879118,0.013605203834298267,0.07785701167779006
level,0.30676720989205725,0.4237769885223133,0.2694558015856293
need,0.15831474400935197,0.496232737621828,0.34545251836882
obsess,0.8102200524985895,0,0.1897799475014106
seem,0.15262720055141357,0.39826008728010914,0.44911271216847726
show,0.38873392785326705,0.23165057650281243,0.3796154956439205
sit,0.3109135289732053,0.33405931390787724,0.3550271571189175
women,0.1911145924453616,0.6831696148769262,0.12571579267771218
claim,0.4892867564692409,0.16689251975511676,0.34382072377564243
hous,0.4142731383538696,0.36739524671932944,0.21833161492680087
lock,0.674464112474537,0.20704977675011974,0.11848611077534328
thi,0.21927712381202608,0.31309114614430295,0.4676317300436709
treat,0.4036726459972015,0.37176328445647033,0.2245640695463282
consid,0.46237903264650626,0.35485755918188217,0.18276340817161157
expos,0.40132507612577734,0.4106680937710335,0.1880068301031891
one,0.3581503851370316,0.3426239247344871,0.2992256901284813
organ,0.6584871392627086,0.18376827234257984,0.15774458839471153
part,0.30777225486818666,0.35430448863992436,0.3379232564918889
pervers,1.0,0,0
reflect,0.6948371623327442,0,0.3051628376672557
sex,0.4299355512034227,0.4106149906308244,0.15944945816575296
cover,0.7107310674056416,0.11900899431710052,0.170259938277258
demand,0.7168230478422155,0.11002664877197181,0.17315030338581267
giant,0.8258938618733964,0,0.17410613812660353
street,0.4748661178077844,0.2915527212191286,0.23358116097308693
tent,0.5585850794117693,0.11431783529972081,0.3270970852885099
vagina,0.12338063396014437,0.8332697164660671,0.04334964957378857
walk,0.24918592517133856,0.4589767421727322,0.29183733265592926
woman,0.13760170712394904,0.7697347276674718,0.09266356520857932
brain,0.5505814910952178,0.23662768972847806,0.21279081917630416
educ,0.5873912316900152,0.10303987683342307,0.30956889147656164
madrassa,0.9884239445977411,0,0.011576055402258947
remedi,1.0,0,0
rofl,0.29667316036522173,0.18214790226867897,0.5211789373660993
teach,0.7342777950907203,0.22541162788975444,0.0403105770195253
want,0.400736797752617,0.34509460490696603,0.25416859734041686
fanat,1.0,0,0
moder,0.8970255704804104,0.04236501717482573,0.06060941234476384
myth,0.4488458250213736,0.5511541749786263,0
rebel,0.7735203878492634,0,0.22647961215073656
call,0.1661338502637774,0.6985516864713119,0.13531446326491064
egypt,0.7092666165575003,0,0.2907333834424997
head,0.4897885586998424,0.3007146261985699,0.20949681510158774
islamophob,1.0,0,0
ive,0.10606133288586723,0.2821792625837539,0.6117594045303789
reform,0.9715538036124022,0,0.028446196387597808
say,0.27931946116071793,0.43902280158259077,0.28165773725669135
theolog,1.0,0,0
accept,0.6003920202799728,0.21502929022619766,0.1845786894938294
hama,0.9381937490678995,0,0.061806250932100466
palestinian,0.9534720351052773,0,0.046527964894722655
solut,0.33119559390340375,0.2033435805108517,0.46546082558574453
state,0.6284802602500862,0.12862230934641977,0.2428974304034941
crime,0.6884711820417794,0.09754602681822722,0.21398279113999336
deport,0.850575600710809,0,0.14942439928919107
drop,0.15311431046351925,0.28202197755852015,0.5648637119779607
huge,0.29165777036369356,0.2984476867107848,0.4098945429255215
illeg,0.7736983961415095,0.15834208445901368,0.06795951939947675
larg,0.5323758402243822,0,0.4676241597756177
norway,0.5873032808749,0,0.4126967191250999
number,0.44864617163831394,0.24484845035583752,0.3065053780058485
see,0.2107535136801756,0.41215011651195205,0.3770963698078723
al,0.25276178715342834,0.15518771312848587,0.5920504997180858
children,0.7864752597205439,0.1010659901860154,0.11245875009344068
convert,0.9192551770207081,0,0.0807448229792919
eng,0.7400013443570612,0,0.2599986556429387
forcibl,1.0,0,0
jar,0.43990973911489684,0.13504530721400165,0.4250449536711016
parent,0.2687971888243135,0.49509882208211653,0.23610398909356994
sh,0.3748104944495793,0.23012174484618617,0.39506776070423455
sin,0.7400013443570612,0,0.2599986556429387
taken,0.33447195094522625,0.27380687963092804,0.39172116942384566
yazidi,0.9192551770207081,0,0.0807448229792919
cal,0.6195908733280882,0.3804091266719119,0
come,0.26940094707328516,0.41350907272994725,0.3170899801967676
copper,1.0,0,0
get,0.22123113554447826,0.4171887458990908,0.36158011855643096
jizya,0.7400013443570612,0,0.2599986556429387
lead,0.6411786667100796,0.14762375493063024,0.21119757835929018
scumbag,0.7167084404804531,0,0.2832915595195469
wait,0.06476370868437889,0.3777471808438391,0.5574891104717821
ass,0.44999719961849555,0.37495685027621856,0.1750459501052858
content,0.42621339209316544,0.17445432810755174,0.3993322797992827
exactli,0.7175875994993012,0.18691103265072706,0.0955013678499718
spiritu,0.7212489681468573,0,0.27875103185314276
tell,0.517335087268696,0.24704347130312548,0.23562144142817848
dump,0.7914450035945363,0,0.20855499640546366
idea,0.28487589660192253,0.3614698307909347,0.3536542726071427
inbr,0.850575600710809,0,0.14942439928919107
insan,0.5227956471205581,0.25678394451585,0.22042040836359184
take,0.21055823138688812,0.4811942593765466,0.30824750923656524
utterli,0.5874572120901737,0.1803400393940311,0.2322027485157953
attack,0.7095870167210274,0.04110036808441051,0.24931261519456205
disagre,0.5179900035002735,0.19081765081324356,0.291192345686483
imam,0.626059165406094,0,0.373940834593906
jihad,0.9409631492832549,0,0.059036850716745214
everyth,0.35815602775229183,0.3115199439269802,0.33032402832072805
exampl,0.6335530124207628,0.22985266721908826,0.13659432036014907
follow,0.7031288487679646,0.1164901501123363,0.18038100111969915
hi,0.38931763677793313,0.24531889784137334,0.36536346538069353
isa,0.38770428364972126,0.47607624417686406,0.13621947217341462
marri,0.8003490923176784,0.10345030205797091,0.09620060562435072
wive,0.732309806367272,0.2248074865895721,0.04288270704315573
child,0.5924393684013153,0.3637389645994107,0.043821666999274034
detail,0.2819771074433334,0.17312499231600217,0.5448979002406643
milit,0.6742612157403155,0,0.3257387842596846
mosul,0.43700959311941784,0,0.5629904068805822
pc,0.6503352824957264,0.1497319567079446,0.199932760796329
peac,0.8401494571341782,0.028656949737169323,0.13119359312865236
puzzl,0.850575600710809,0,0.14942439928919107
violenc,0.8211520885035624,0.09336320630016988,0.0854847051962678
heaven,0.7401968493076451,0.18178294686488708,0.07802020382746765
total,0.3898495611606104,0.359032881564105,0.2511175572752846
way,0.2684895289926827,0.35606314222069607,0.37544732878662124
ye,0.4029338829001692,0.3055976978544812,0.2914684192453495
cut,0.29170838186585335,0.41789926705819286,0.29039235107595385
enslav,0.9552498683989796,0,0.04475013160102041
jewish,0.8951619460631521,0,0.1048380539368478
kindli,0.5873032808749,0,0.4126967191250999
medina,0.9070485972838253,0,0.09295140271617483
men,0.18583653329754596,0.6774552829912325,0.13670818371122154
said,0.2815333529012195,0.39889047949520773,0.3195761676035727
land,0.796332244086212,0.06377252836698691,0.13989522754680114
lie,0.6825349179594391,0.1313455255058264,0.18611955653473444
merkel,0.850575600710809,0,0.14942439928919107
protest,0.5143961265434036,0.07895572291547164,0.4066481505411247
approv,0.8650100601421232,0.059009857365603754,0.07598008249227296
femal,0.025682543874272656,0.9303277305770652,0.043989725548662206
quran,0.9044329005621322,0.008676454512337122,0.0868906449255307
slaveri,0.9416171505909225,0,0.05838284940907741
ani,0.44655135600307655,0.3357163547171817,0.21773228927974175
bear,0.6192485093936325,0,0.38075149060636737
could,0.3534203802037825,0.2969321703954386,0.34964744940077896
garbag,0.7282869668662911,0.1117862693586831,0.15992676377502577
king,0.3629816961225116,0.44571847638154755,0.1912998274959408
pleas,0.13856944389991754,0.4962838972267417,0.36514665887334063
richard,0.38770428364972126,0.47607624417686406,0.13621947217341462
becaus,0.520746919142511,0.24832782656720387,0.23092525429028515
cant,0.11906683142436411,0.6079112750543991,0.2730218935212367
creat,0.5923075288925291,0.21053885329422994,0.19715361781324098
cultur,0.26876495696223485,0.41253287838489067,0.31870216465287443
excus,0.6987931315310284,0.07800669070020254,0.22320017776876916
guid,0.7057144415102833,0.10832156586356255,0.1859639926261542
furthermor,0.9110812774135411,0,0.08891872258645896
home,0.3324659861250827,0.3317007866332075,0.33583322724170966
stop,0.33484983904604604,0.37690981353786157,0.2882403474160922
custom,0.4484865767710922,0,0.5515134232289078
histori,0.48874477372841413,0.22505533152160784,0.28619989474997815
rule,0.2113917402704339,0.36773215008525534,0.4208761096443107
screw,0.654996418061873,0.13404900238430292,0.21095457955382393
sick,0.504680968027646,0.25352025770531617,0.24179877426703786
asham,0.26253564783700384,0.3223771066138193,0.41508724554917686
point,0.3890567848488904,0.26540946098686213,0.3455337541642475
ration,0.8416834294785237,0.07382384365584874,0.08449272686562757
tarnish,1.0,0,0
truth,0.493287608951119,0.3384938651450573,0.1682185259038237
apost,0.8649358812078253,0,0.13506411879217478
protect,0.6631256323994997,0.08724387571841037,0.2496304918820898
spread,0.1742269294357511,0.4278792146396732,0.39789385592457566
sword,0.9275770710654672,0,0.07242292893453289
vile,0.8696077763836629,0.06673894601293667,0.06365327760340041
whi,0.39977575587091946,0.3648575474216191,0.2353666967074615
away,0.2892131328825275,0.355135364441148,0.35565150267632445
kill,0.7001222818090693,0.07338951181673388,0.2264882063741968
peopl,0.4783376618632581,0.189881986462139,0.33178035167460307
hadith,0.8516684210733001,0.02614486867231369,0.12218671025438634
time,0.3479050806511765,0.27293675127911166,0.3791581680697118
critic,0.32887662647151966,0.353359664219955,0.3177637093085252
know,0.2618294699315893,0.4487743261216333,0.2893962039467774
sunnah,0.9192551770207081,0,0.0807448229792919
thing,0.25347962275904656,0.34882236865943883,0.3976980085815146
announc,0.09465715305733022,0.6392813568703629,0.26606149007230684
dont,0.24799700156711849,0.460793760388829,0.2912092380440525
leav,0.5574387006904288,0.2333520448344782,0.20920925447509306
quietli,0.43165479177789445,0.26502233882490406,0.3033228693972015
breed,0.8598461152184291,0.07541688829172072,0.06473699648985018
increas,0.850575600710809,0,0.14942439928919107
overal,0.38770428364972126,0.47607624417686406,0.13621947217341462
rat,0.8422704525941725,0.0689503092197727,0.08877923818605483
reason,0.416905856569065,0.3679525061885942,0.21514163724234073
told,0.41344581168228123,0.3807639046635866,0.2057902836541321
expect,0.31653687927587465,0.3498184711540238,0.33364464957010165
fear,0.8032910943432962,0.07787293115087392,0.11883597450582994
live,0.5974693232059988,0.1535555709076946,0.24897510588630653
perfect,0.23224172386527445,0.4277671371004198,0.3399911390343058
stupid,0.5215839091738227,0.31261129625116474,0.16580479457501254
forc,0.7279672225069841,0.09168179785615026,0.1803509796368656
non,0.8233067820002393,0.056164914158323205,0.12052830384143752
imperi,0.9884239445977411,0,0.011576055402258947
might,0.12027304695735186,0.44306299583908293,0.4366639572035651
power,0.4504231954543373,0.24889098857391093,0.30068581597175176
soon,0.24036407824425401,0.29515182687262687,0.46448409488311926
understand,0.5477274122214792,0.22419149528811447,0.2280810924904062
world,0.7259256880552848,0.1343191397059198,0.13975517223879547
damn,0.1091710363393147,0.6702755056515385,0.22055345800914686
popul,0.8092031048404675,0.15525781793268495,0.03553907722684767
sourc,0.4696862627811639,0.08239212990646448,0.4479216073123716
man,0.2574671876037414,0.563577727366489,0.17895508502976956
percentag,0.9192551770207081,0,0.0807448229792919
persuas,1.0,0,0
poor,0.42029531295551587,0.29491197651010165,0.2847927105343826
usual,0.2703769028694502,0.4565077961622765,0.2731153009682733
veri,0.4028388032497613,0.3022925114756762,0.29486868527456256
beyond,0.35897283420770587,0.0734659747468469,0.5675611910454472
cannot,0.37063509820599955,0.4685021437453615,0.16086275804863895
characterist,1.0,0,0
earthli,0.9579290841853383,0,0.04207091581466173
think,0.203685955748405,0.4793840573333626,0.31692998691823243
tyrant,0.9299825016593254,0,0.07001749834067458
concept,0.20202027792881472,0.37210211191840736,0.4258776101527779
correspond,1.0,0,0
egomaniac,0.850575600710809,0,0.14942439928919107
entir,0.6743626488459479,0.10350931451333835,0.2221280366407138
simpl,0.44008248817421913,0.40529501529949513,0.1546224965262857
tyrann,1.0,0,0
benefit,0.7735203878492634,0,0.22647961215073656
fraud,0.7971555859549564,0.1468284669749415,0.056015947070102115
interest,0.3590495072484032,0.22044499905346407,0.4205054936981329
militari,0.773609381755415,0.07916193356163877,0.1472286846829461
miss,0.09423752892225006,0.43394138318007536,0.4718210878976747
phoni,1.0,0,0
center,0.5519296577063992,0.2541504661914705,0.1939198761021303
cult,0.9261223818784896,0.05169179470571424,0.022185823415796148
death,0.43994427807622066,0.1890782741776469,0.37097744774613245
describ,0.2752970622833986,0.5070709699581839,0.2176319677584175
go,0.21603260084668915,0.34147013208062893,0.44249726707268183
whore,0.3482523145001389,0.5701756412641427,0.08157204423571847
advic,0.16543034121263986,0.6601983553600305,0.1743713034273297
dead,0.5066605725308959,0.16967645840255458,0.3236629690665497
fairi,0.7244641600053972,0.1482659984603638,0.1272698415342391
keep,0.25097133746087796,0.3361929465969441,0.41283571594217794
medic,0.6030151880983066,0.18511609107652774,0.21186872082516572
repeat,0.4388584393812221,0.38492164252303107,0.17621991809574677
tale,0.7244641600053972,0.1482659984603638,0.1272698415342391
even,0.2752564919641712,0.40559699463520527,0.31914651340062367
pervert,0.8351353636894356,0.1281866502678864,0.036677986042677996
action,0.5012051222902815,0.1025746779375031,0.39622019977221545
chang,0.3526965389157599,0.3149737864418261,0.33232967464241403
mind,0.274158469158452,0.4208114915495604,0.30503003929198763
cathedr,1.0,0,0
doesnt,0.3233736864434756,0.3653157668667601,0.3113105466897643
problem,0.5567521971781797,0.1768076764109359,0.2664401264108844
abus,0.5097646470694938,0.1849423197203638,0.30529303321014234
inferior,0.2261834398450609,0.6943472581910282,0.07946930196391094
inscrib,1.0,0,0
letter,0.7805919140065517,0,0.21940808599344838
sharia,0.8723245507759212,0.01983628079013088,0.10783916843394796
find,0.16991937951192207,0.5216255237715195,0.30845509671655846
hate,0.47189737110211954,0.36951073099890475,0.1585918978989758
read,0.4649691222852558,0.2237516790432506,0.3112791986714937
creator,0.5323758402243822,0,0.4676241597756177
person,0.13238972499856907,0.4606041670373497,0.40700610796408127
relationship,0.5586593339752487,0.20579945750631065,0.23554120851844074
group,0.5799504289929475,0.14836298011539162,0.2716865908916608
terrorist,0.8847946354364145,0,0.11520536456358552
command,0.5085928116049154,0,0.4914071883950845
ground,0.5754293898117271,0,0.4245706101882729
grovel,0.9446812162123509,0,0.055318783787649095
ritual,0.850575600710809,0,0.14942439928919107
along,0.6308017773837296,0.12909742195345322,0.2401008006628172
bigotri,0.9193198129417376,0.04837998689059375,0.03230020016766864
cleans,0.850575600710809,0,0.14942439928919107
religi,0.9162957315550643,0,0.08370426844493568
toward,0.36274671323602103,0,0.6372532867639791
els,0.3948501754661948,0.31701792598235773,0.2881318985514475
racism,0.7347487601854837,0.05012360148849121,0.215127638326025
anti,0.5443761493246141,0.15597384782130425,0.2996500028540816
beaten,0.7401968493076451,0.18178294686488708,0.07802020382746765
berlin,1.0,0,0
isra,0.8809531137470223,0,0.11904688625297771
semit,0.8767780060846435,0,0.12322199391535654
sing,0.5088237284421172,0.3124016161292237,0.1787746554286592
song,0.20570762120240355,0.5051917960704108,0.2891005827271857
spat,0.850575600710809,0,0.14942439928919107
upon,0.32192550092663813,0.3953040754235671,0.2827704236497948
islamist,0.9561800680485327,0,0.043819931951467266
line,0.2601602661690389,0.3833523464921305,0.3564873873388306
seen,0.16324484515142315,0.4409994712065239,0.39575568364205305
thousand,0.8802018198794832,0.02702079872455429,0.09277738139596259
joke,0.059697336114601825,0.6414147113646662,0.2988879525207319
look,0.22497239115858086,0.4057448494351723,0.3692827594062469
battl,0.46694355408959143,0.09556283953537248,0.43749360637503604
f,0.10228521650094306,0.5023990062547908,0.3953157772442661
front,0.2260921769245291,0.41644025730670414,0.3574675657687667
good,0.24330101946083316,0.37344775526765983,0.38325122527150696
hasnt,0.16422504777883434,0.6049737950557441,0.2308011571654215
lose,0.09705338888357483,0.47670159771640314,0.4262450134000221
new,0.18218479420596212,0.41546395427902943,0.40235125151500856
open,0.2556866536312864,0.3924587207324665,0.3518546256362471
theyr,0.048104422925389974,0.6349936538605209,0.3169019232140892
week,0.2344051961868955,0.23026775843832684,0.5353270453747777
asap,0.6548688358812682,0,0.3451311641187318
beat,0.5236523027181915,0.23382246544461352,0.24252523183719504
doubl,0.18261073998972238,0.4484687887493626,0.3689204712609151
mental,0.20388436179985472,0.5633033653155987,0.23281227288454656
oh,0.06429233687040375,0.41841861040572237,0.5172890527238739
speak,0.12328562260836551,0.3027738338089891,0.5739405435826452
w,0.08375860870582641,0.6513849387310682,0.26485645256310547
defeat,0.6889522756149564,0.12085566449336288,0.19019205989168061
histor,0.6194196440532491,0.1901519986665054,0.1904283572802454
past,0.3144406855482493,0.22523269846307933,0.4603266159886714
slaughter,0.9367092750037634,0,0.06329072499623659
actual,0.2376091173661252,0.4832422569099716,0.2791486257239032
behav,0.7648591378052593,0,0.23514086219474067
better,0.15255091317745093,0.5151377979265224,0.3323112888960266
alway,0.3511695447941493,0.44319206854285237,0.20563838666299833
fact,0.3348837959487479,0.41121603896182757,0.25390016508942453
produc,0.7420286031315371,0.09111640117183448,0.16685499569662846
differ,0.3935857536908762,0.34904878374941833,0.2573654625597055
damag,0.497591181070926,0.15275259431605887,0.3496562246130151
danger,0.4605826488348418,0,0.5394173511651582
blame,0.4095183786138883,0.32326879356704485,0.26721282781906697
context,0.2216457298423399,0.27216688350164153,0.5061873866560187
evil,0.6436504371176072,0.18239120078907728,0.17395836209331555
pictur,0.429305842983032,0.22592585042970986,0.3447683065872582
spec,0.850575600710809,0,0.14942439928919107
tini,0.748189023488694,0.07656071806492772,0.1752502584463783
agit,1.0,0,0
begin,0.6548688358812682,0,0.3451311641187318
certain,0.28680913602350466,0.41088064375515404,0.3023102202213414
http,0.46485042306850316,0.2524722407684146,0.2826773361630821
reach,0.20563213121007304,0.2525032011176389,0.541864667672288
region,0.6548688358812682,0,0.3451311641187318
hide,0.6896824292371526,0.1058607792178296,0.2044567915450179
justifi,0.7824710886153593,0.08006873467630185,0.13746017670833907
microbrain,0.7535125337210319,0,0.2464874662789682
anim,0.7332616900119147,0.06431419993120377,0.20242411005688168
hero,0.6714783252770542,0.05889519642112574,0.26962647830182007
mostli,0.3411711190927439,0.3142023544406508,0.3446265264666053
testament,0.5873032808749,0,0.4126967191250999
domin,0.9446812162123509,0,0.055318783787649095
dupe,1.0,0,0
green,0.5323758402243822,0,0.4676241597756177
occup,0.9192551770207081,0,0.0807448229792919
conquer,1.0,0,0
mandat,1.0,0,0
oper,0.24036407824425401,0.29515182687262687,0.46448409488311926
chart,0.5088237284421172,0.3124016161292237,0.1787746554286592
befor,0.6301727798427472,0.18965984379331982,0.180167376363933
crusad,0.9381937490678995,0,0.061806250932100466
full,0.4577158668889953,0.32786018020863594,0.2144239529023688
kind,0.47186385067835596,0.21728206838379535,0.31085408093784866
saudi,0.8525864039161111,0.016358155805295226,0.13105544027859375
turkey,0.5323758402243822,0,0.4676241597756177
genocid,0.8798277510052889,0.03001035044875183,0.09016189854595937
flap,0.850575600710809,0,0.14942439928919107
lip,0.23544367438659933,0.4336648250130315,0.33089150060036915
relat,0.2133794702864734,0.393024662413371,0.3935958673001558
admir,0.7648591378052593,0,0.23514086219474067
comment,0.09035465588891385,0.7350422966607498,0.17460304745033636
hitler,0.9446812162123509,0,0.055318783787649095
wasnt,0.3062498176366888,0.188027665812494,0.5057225165508172
armi,0.6006273692519519,0.0526808767407381,0.34669175400730995
europ,0.9360510155880963,0,0.06394898441190364
grand,0.5587707528437436,0.343067503492,0.0981617436642565
mufti,1.0,0,0
provid,0.3875031961036689,0.11895733035944374,0.4935394735368874
soldier,0.8242721784689456,0.0722967071727411,0.10343111435831338
convers,0.2687542147259042,0.38501529724436945,0.34623048802972634
execut,0.6789638844661747,0.06413265702356932,0.2569034585102559
welcom,0.5799004127497105,0.0890101109728524,0.33108947627743707
less,0.26260595552655425,0.5067282628455251,0.2306657816279207
natur,0.1619131654795987,0.6958668045278752,0.14222002999252606
quot,0.32495732936086064,0.33252247353645736,0.342520197102682
central,0.7914450035945363,0,0.20855499640546366
hatr,0.9461794569409399,0.03227356383992554,0.021546979219134586
incit,0.9287241099727279,0.07127589002727205,0
order,0.1157758899459747,0.355413605008754,0.5288105050452713
promot,0.6425486381322958,0,0.3574513618677043
bing,0.850575600710809,0,0.14942439928919107
bullshit,0.3473209666924017,0.12794642849201998,0.5247326048155783
card,0.5642532943042389,0.27714688791984715,0.15859981777591395
congratul,0.3748104944495793,0.23012174484618617,0.39506776070423455
put,0.22651358579156536,0.45514522069702584,0.3183411935114087
x,0.3130727300749879,0.3844334348984297,0.3024938350265825
doest,0.850575600710809,0,0.14942439928919107
compass,0.850575600710809,0,0.14942439928919107
feel,0.13429682126528233,0.3298159394629283,0.5358872392717894
slaver,0.9446812162123509,0,0.055318783787649095
yet,0.24558675407532246,0.4092667059071111,0.34514654001756645
arabian,0.9135807985701063,0,0.0864192014298937
penninsula,0.8835828082988885,0,0.1164171917011116
virtual,0.8874871764342257,0.06054321690383748,0.05196960666193697
rest,0.571335679495712,0.1275570798435448,0.3011072406607431
till,0.20570762120240355,0.5051917960704108,0.2891005827271857
ap,0.850575600710809,0,0.14942439928919107
everywher,0.7214346888177237,0.1771751984982194,0.10139011268405689
mani,0.39115006466877006,0.23091704061947535,0.3779328947117547
specif,0.3174374054456305,0.38979297913133293,0.2927696154230365
african,0.7498483495779087,0.0920766163862651,0.15807503403582618
million,0.8292973722838721,0.07022927719746071,0.10047335051866711
fraudul,0.9660576703697854,0,0.03394232963021463
mankind,0.9920780561335671,0,0.007921943866432912
citizenship,0.850575600710809,0,0.14942439928919107
class,0.41293071222610656,0.35493688775346227,0.23213240002043128
extort,0.5873032808749,0,0.4126967191250999
guarante,0.3811483749002117,0.3510195033604807,0.26783212173930765
third,0.8140824656885945,0,0.1859175343114056
book,0.5003246439786514,0.15359172404043048,0.3460836319809182
taquiyya,0.6645220502902521,0.1019988607350276,0.23347908897472025
admit,0.5325444959178911,0.21797694287940772,0.24947856120270115
check,0.29108054175133996,0.4021069769622082,0.30681248128645183
map,0.7167084404804531,0,0.2832915595195469
thank,0.09502006842334892,0.4083751385127929,0.4966047930638582
destruct,0.8274707938632747,0.06350509981474498,0.1090241063219802
khybar,0.9399542049908798,0,0.0600457950091202
start,0.3939500367112929,0.23035506303844003,0.37569490025026714
brought,0.41588631305069934,0.2553409934730326,0.32877269347626814
text,0.5976853035542434,0.12231993408189491,0.2799947623638615
drinker,0.850575600710809,0,0.14942439928919107
piss,0.2611068008912343,0.5210116815878898,0.21788151752087595
proof,0.6149922277457347,0.22655142256385732,0.15845634969040795
real,0.3031980884243299,0.4304811272116706,0.2663207843639994
beauti,0.2174551584623729,0.40053169187259924,0.38201314966502786
sexism,0.46514615429129685,0.40583127627039167,0.12902256943831145
british,0.5326288638433557,0.327017213547,0.14035392260964438
hindu,0.9671165797162232,0,0.032883420283776776
either,0.3035685437362691,0.45264066126807506,0.24379079499565576
unseat,1.0,0,0
still,0.3136524688821843,0.3519431348151248,0.3344043963026909
door,0.18863130316359536,0.34744089554132707,0.46392780129507744
pakistan,0.9637211745285378,0,0.036278825471462155
regularli,0.7400013443570612,0,0.2599986556429387
insult,0.48114438513523244,0.2532063240412352,0.2656492908235323
also,0.4374383585617507,0.2919274622009751,0.2706341792372742
realli,0.11288949048464966,0.511831852535824,0.3752786569795263
animist,1.0,0,0
atheist,0.8127034165803593,0.062371762208984716,0.1249248212106561
buddhist,0.9715538036124022,0,0.028446196387597808
somewher,0.6367415949002283,0.19546956262492723,0.16778884247484444
bloodi,0.33359714061325313,0.15361354046334083,0.512789318923406
border,0.7034235109197091,0,0.29657648908029083
abl,0.15957453123418358,0.3918947852786172,0.4485306834871992
name,0.1703042857221924,0.3659649873185778,0.46373072695922973
shut,0.32538755890391446,0.42452746673186115,0.2500849743642244
us,0.4198290370977843,0.23281702014254188,0.3473539427596739
goe,0.37689957102303007,0.26997176679945933,0.3531286621775106
islamophobia,0.9610392226646701,0,0.038960777335329946
much,0.26227397306167305,0.39106774087626706,0.3466582860620599
naziphobia,1.0,0,0
sens,0.17338737139091448,0.6032412694804747,0.2233713591286108
term,0.431721306543853,0.37108844749147185,0.19719024596467524
deal,0.3102290219961948,0.3809415419305655,0.3088294360732398
violent,0.9318378211073655,0.031784380000381744,0.03637779889225269
werent,0.14719546570213454,0.36149337227673417,0.4913111620211313
grow,0.31602845555481035,0.5174171708300557,0.16655437361513395
coloni,0.850575600710809,0,0.14942439928919107
learn,0.23161175630655123,0.42660679685416203,0.3417814468392868
intimid,0.7824710886153593,0.08006873467630185,0.13746017670833907
race,0.7486762977465007,0.081117084584971,0.17020661766852846
racist,0.5468124454519349,0.29842265100643156,0.15476490354163366
knew,0.2641046404041377,0.4459176285680655,0.2899777310277967
liar,0.8041042176010321,0.031851255644452556,0.16404452675451536
lure,1.0,0,0
prey,1.0,0,0
romeo,1.0,0,0
young,0.24253719166576487,0.655204598793331,0.1022582095409042
contribut,0.8222232435755281,0,0.17777675642447185
delusion,0.24046722925454372,0.5905569795279842,0.16897579121747208
answer,0.22792111207155089,0.47578351255164764,0.2962953753768015
coexist,0.9579290841853383,0,0.04207091581466173
question,0.15651065093211472,0.6863755077158954,0.15711384135198986
koran,0.9192551770207081,0,0.0807448229792919
manual,0.6548688358812682,0,0.3451311641187318
paedophillia,1.0,0,0
preach,1.0,0,0
disgust,0.4133949746064505,0.296113289218102,0.2904917361754475
aberr,1.0,0,0
pari,0.9399542049908798,0,0.0600457950091202
sinc,0.6234279636398765,0.12248479305950691,0.2540872433006166
terror,0.9033230011880301,0.01733161393152431,0.07934538488044555
close,0.5088237284421172,0.3124016161292237,0.1787746554286592
product,0.4060478419087648,0.33240064603240255,0.26155151205883254
statist,0.611024048473075,0.09378734204340691,0.295188609483518
bad,0.24348680471084996,0.40861466016385484,0.3478985351252953
logic,0.39300337034783756,0.3860665489537614,0.22093008069840098
last,0.20472646338382575,0.3142388731621579,0.4810346634540163
directli,0.30461100228938187,0.1870214852151316,0.5083675124954866
notic,0.2986782715529031,0.3209132095462858,0.3804085189008111
support,0.4316372912984645,0.2371156368138833,0.3312470718876523
avoid,0.4670732947754154,0.2867681752684614,0.24615852995612314
french,0.6678033429191594,0.13667001748207983,0.19552663959876074
media,0.41078268026861636,0.08406917498830731,0.5051481447430763
news,0.2520837824001372,0.3404971674146361,0.40741905018522667
democraci,0.8258938618733964,0,0.17410613812660353
dictat,0.8199456299109968,0,0.18005437008900307
freedom,0.8553090838985173,0,0.14469091610148274
oppos,0.09962720873372516,0.6728473773337361,0.2275254139325386
okay,0.43785930765234277,0.23522775027767526,0.32691294206998195
australia,0.4670732947754154,0.2867681752684614,0.24615852995612314
ezidi,0.9192551770207081,0,0.0807448229792919
iraq,0.4630805858648742,0,0.5369194141351258
journalist,0.5375565475010169,0.19802559292704128,0.26441785957194175
shopper,0.6195908733280882,0.3804091266719119,0
gunmen,1.0,0,0
sad,0.13659875618157494,0.33546919930814717,0.5279320445102779
ever,0.21341502553391034,0.5077414460658755,0.2788435284002142
nazi,0.6727288110895409,0,0.32727118891045914
parti,0.38426657348534554,0.176945607885871,0.43878781862878347
wors,0.14721480158189576,0.4519260734275975,0.4008591249905067
reproduct,0.4978122136286195,0.4584613434084524,0.043726442962928054
sound,0.13772277914715325,0.4509728759713767,0.41130434488147005
major,0.6253898581439734,0.2504149038613757,0.12419523799465085
radic,0.813534591015162,0.08324740206472611,0.10321800692011182
small,0.5041796533755233,0.12382012058771581,0.3720002260367609
exclud,0.674464112474537,0.20704977675011974,0.11848611077534328
fill,0.5800504873672064,0.2670994387067089,0.15285007392608466
speech,0.7503738774630808,0.0969906819725045,0.15263544056441458
ideolog,0.8127034165803593,0.062371762208984716,0.1249248212106561
built,0.8327984006051765,0,0.16720159939482357
career,0.4670732947754154,0.2867681752684614,0.24615852995612314
charli,0.38743621326764033,0,0.6125637867323596
defianc,0.850575600710809,0,0.14942439928919107
editor,0.48684385088223586,0,0.5131561491177641
hebdo,0.6548688358812682,0,0.3451311641187318
broach,1.0,0,0
coward,0.553175200944391,0.1358528049049463,0.31097199415066273
free,0.35887036939232364,0.39345538231562016,0.24767424829205625
incompat,1.0,0,0
subject,0.7914450035945363,0,0.20855499640546366
offic,0.2855492859903027,0.26297729481202164,0.4514734191976755
pr,0.5326288638433557,0.327017213547,0.14035392260964438
proven,0.6704518010727291,0.16465444866979784,0.1648937502574731
public,0.2352953748824485,0,0.7647046251175514
satir,0.6309201534982178,0.2582432966911224,0.11083654981065975
shoot,0.35165584648157466,0.21590552606202076,0.43243862745640455
via,0.41152567512620924,0.1443792572687689,0.44409506760502193
cent,0.7651202331794996,0.23487976682050035,0
invad,0.9260528106814305,0,0.07394718931856938
perfectli,0.40850078274382323,0.3762097684888353,0.21528944876734146
th,0.397309901980509,0.38332747640514053,0.21936262161435055
work,0.1750470045741185,0.4133588606182481,0.41159413480763335
pacificim,0.850575600710809,0,0.14942439928919107
earnest,0.850575600710809,0,0.14942439928919107
activ,0.36282500705299947,0.14850869071756634,0.4886663022294342
bust,0.6195908733280882,0.3804091266719119,0
descript,0.29683031765744744,0.5467331755709556,0.15643650677159687
mafia,1.0,0,0
match,0.17428111874865268,0.6420184450664653,0.183700436184882
readi,0.09787932379623476,0.42066358271537346,0.4814570934883918
celebr,0.2260009876217775,0.13875743176524372,0.6352415806129788
hear,0.08607412145282292,0.6165457440361464,0.2973801345110307
lessen,0.6195908733280882,0.3804091266719119,0
liketri,1.0,0,0
politician,1.0,0,0
role,0.0867589387712087,0.8522757464559626,0.060965314772828634
wake,0.6082208430783964,0,0.3917791569216037
accord,0.5519296577063992,0.2541504661914705,0.1939198761021303
ex,0.17162709734777987,0.5268679464612798,0.30150495619094037
guy,0.13207096791553008,0.5766213800604111,0.29130765202405884
pakistaniguydonthugmemysuicidejacketmigh,1.0,0,0
tgooff,1.0,0,0
spoke,0.5088237284421172,0.3124016161292237,0.1787746554286592
incoher,0.850575600710809,0,0.14942439928919107
everyon,0.2918958836475257,0.3258451018610763,0.382259014491398
express,0.7136298635699732,0.12518459466161705,0.16118554176840966
extend,0.38743621326764033,0,0.6125637867323596
care,0.48221367692648387,0.3134794121599394,0.20430691091357664
fool,0.6996783608558257,0.09546228923422695,0.2048593499099474
honor,0.919299534027253,0.03320121939885541,0.04749924657389161
